# R vs M for ./eos/eosFPS 
./eos/eosSly 
./eos/eosAPR 
./eos/eosSlyfit 
./eos/eosFPSfit 
./eos/eosAPRfit
	1.85049e+01 1.58096e-01
	1.73521e+01 1.68591e-01
	1.63850e+01 1.80225e-01
	1.55702e+01 1.93087e-01
	1.48868e+01 2.07145e-01
	1.43019e+01 2.22793e-01
	1.38065e+01 2.39950e-01
	1.33852e+01 2.58840e-01
	1.30316e+01 2.79336e-01
	1.27265e+01 3.02082e-01
	1.24746e+01 3.26500e-01
	1.22609e+01 3.53217e-01
	1.20818e+01 3.82241e-01
	1.19360e+01 4.13347e-01
	1.18134e+01 4.47199e-01
	1.17144e+01 4.83501e-01
	1.16367e+01 5.22061e-01
	1.15744e+01 5.63391e-01
	1.15254e+01 6.07611e-01
	1.14885e+01 6.54313e-01
	1.14636e+01 7.02827e-01
	1.14453e+01 7.54211e-01
	1.14323e+01 8.08320e-01
	1.14248e+01 8.64049e-01
	1.14202e+01 9.21866e-01
	1.14173e+01 9.81563e-01
	1.14159e+01 1.04231e+00
	1.14149e+01 1.10359e+00
	1.14126e+01 1.16582e+00
	1.14079e+01 1.22880e+00
	1.14004e+01 1.29198e+00
	1.13897e+01 1.35492e+00
	1.13756e+01 1.41703e+00
	1.13578e+01 1.47767e+00
	1.13363e+01 1.53657e+00
	1.13106e+01 1.59359e+00
	1.12808e+01 1.64860e+00
	1.12466e+01 1.70122e+00
	1.12085e+01 1.75130e+00
	1.11663e+01 1.79860e+00
	1.11205e+01 1.84309e+00
	1.10743e+01 1.88581e+00
	1.10184e+01 1.92307e+00
	1.09629e+01 1.95845e+00
	1.09047e+01 1.99082e+00
	1.08442e+01 2.02024e+00
	1.07817e+01 2.04686e+00
	1.07173e+01 2.07061e+00
	1.06518e+01 2.09190e+00
	1.05851e+01 2.11055e+00
	1.05173e+01 2.12664e+00
