
-------------------------------------------------------------------------------
./eos/eosFPS,  MDIVxSDIV=65x129,  accuracy=1e-05
-------------------------------------------------------------------------------
   rho_c        M         M_0         R         Omega      Omega_p       T/W           C*J/GM_s^2      I        h_plus       h_minus       Z_p      Z_b        Z_f       omega_c/Omega   r_e     r_ratio     Omega_pa    Omega+    u_phi
-------------------------------------------------------------------------------
3.00000e+14 1.46736e-01 1.46524e-01 1.87359e+01 0.00000e+00 1.72018e-01 0.00000e+00 0.00000e+00    ---     0.00000e+00 0.00000e+00 1.17589e-02 1.17589e-02 1.17589e-02 0.00000e+00 5.04618e-01 1.00000e+00 1.72018e-01 1.72018e-01 1.38954e+00
3.15627e+14 1.63827e-01 1.63840e-01 1.68186e+01 0.00000e+00 2.13712e-01 0.00000e+00 0.00000e+00    ---     0.00000e+00 0.00000e+00 1.46886e-02 1.46886e-02 1.46886e-02 0.00000e+00 4.51678e-01 1.00000e+00 2.13712e-01 2.13712e-01 1.39721e+00
3.32069e+14 1.82809e-01 1.83136e-01 1.54610e+01 0.00000e+00 2.56132e-01 0.00000e+00 0.00000e+00    ---     0.00000e+00 0.00000e+00 1.79147e-02 1.79147e-02 1.79147e-02 0.00000e+00 4.13913e-01 1.00000e+00 2.56132e-01 2.56132e-01 1.42199e+00
3.49366e+14 2.03469e-01 2.04197e-01 1.44969e+01 0.00000e+00 2.97615e-01 0.00000e+00 0.00000e+00    ---     0.00000e+00 0.00000e+00 2.13733e-02 2.13733e-02 2.13733e-02 0.00000e+00 3.86803e-01 1.00000e+00 2.97615e-01 2.97615e-01 1.46022e+00
3.67565e+14 2.26093e-01 2.27347e-01 1.37690e+01 0.00000e+00 3.38929e-01 0.00000e+00 0.00000e+00    ---     0.00000e+00 0.00000e+00 2.51434e-02 2.51434e-02 2.51434e-02 0.00000e+00 3.66046e-01 1.00000e+00 3.38929e-01 3.38929e-01 1.50864e+00
3.86712e+14 2.50632e-01 2.52552e-01 1.32172e+01 0.00000e+00 3.79428e-01 0.00000e+00 0.00000e+00    ---     0.00000e+00 0.00000e+00 2.92081e-02 2.92081e-02 2.92081e-02 0.00000e+00 3.50006e-01 1.00000e+00 3.79428e-01 3.79428e-01 1.56578e+00
4.06856e+14 2.77232e-01 2.79988e-01 1.27895e+01 0.00000e+00 4.19240e-01 0.00000e+00 0.00000e+00    ---     0.00000e+00 0.00000e+00 3.36013e-02 3.36013e-02 3.36013e-02 0.00000e+00 3.37263e-01 1.00000e+00 4.19240e-01 4.19240e-01 1.63064e+00
4.28049e+14 3.06034e-01 3.09832e-01 1.24523e+01 0.00000e+00 4.58493e-01 0.00000e+00 0.00000e+00    ---     0.00000e+00 0.00000e+00 3.83585e-02 3.83585e-02 3.83585e-02 0.00000e+00 3.26892e-01 1.00000e+00 4.58493e-01 4.58493e-01 1.70264e+00
4.50347e+14 3.37036e-01 3.42100e-01 1.21886e+01 0.00000e+00 4.96851e-01 0.00000e+00 0.00000e+00    ---     0.00000e+00 0.00000e+00 4.34752e-02 4.34752e-02 4.34752e-02 0.00000e+00 3.18434e-01 1.00000e+00 4.96851e-01 4.96851e-01 1.78145e+00
4.73806e+14 3.70359e-01 3.76954e-01 1.19798e+01 0.00000e+00 5.34511e-01 0.00000e+00 0.00000e+00    ---     0.00000e+00 0.00000e+00 4.89892e-02 4.89892e-02 4.89892e-02 0.00000e+00 3.11371e-01 1.00000e+00 5.34511e-01 5.34511e-01 1.86680e+00
4.98487e+14 4.06459e-01 4.14935e-01 1.18099e+01 0.00000e+00 5.72084e-01 0.00000e+00 0.00000e+00    ---     0.00000e+00 0.00000e+00 5.50036e-02 5.50036e-02 5.50036e-02 0.00000e+00 3.05249e-01 1.00000e+00 5.72084e-01 5.72084e-01 1.95942e+00
5.24453e+14 4.45231e-01 4.55966e-01 1.16743e+01 0.00000e+00 6.09212e-01 0.00000e+00 0.00000e+00    ---     0.00000e+00 0.00000e+00 6.15095e-02 6.15095e-02 6.15095e-02 0.00000e+00 2.99946e-01 1.00000e+00 6.09212e-01 6.09212e-01 2.05904e+00
5.51773e+14 4.86879e-01 5.00323e-01 1.15652e+01 0.00000e+00 6.46103e-01 0.00000e+00 0.00000e+00    ---     0.00000e+00 0.00000e+00 6.85688e-02 6.85688e-02 6.85688e-02 0.00000e+00 2.95242e-01 1.00000e+00 6.46103e-01 6.46103e-01 2.16608e+00
5.80515e+14 5.31341e-01 5.47995e-01 1.14781e+01 0.00000e+00 6.82658e-01 0.00000e+00 0.00000e+00    ---     0.00000e+00 0.00000e+00 7.61980e-02 7.61980e-02 7.61980e-02 0.00000e+00 2.91014e-01 1.00000e+00 6.82658e-01 6.82658e-01 2.28045e+00
6.10755e+14 5.78655e-01 5.99095e-01 1.14089e+01 0.00000e+00 7.18900e-01 0.00000e+00 0.00000e+00    ---     0.00000e+00 0.00000e+00 8.44346e-02 8.44346e-02 8.44346e-02 0.00000e+00 2.87146e-01 1.00000e+00 7.18900e-01 7.18900e-01 2.40242e+00
6.42569e+14 6.29573e-01 6.54595e-01 1.13546e+01 0.00000e+00 7.55182e-01 0.00000e+00 0.00000e+00    ---     0.00000e+00 0.00000e+00 9.34190e-02 9.34190e-02 9.34190e-02 0.00000e+00 2.83531e-01 1.00000e+00 7.55182e-01 7.55182e-01 2.53407e+00
6.76041e+14 6.82241e-01 7.12439e-01 1.13087e+01 0.00000e+00 7.90931e-01 0.00000e+00 0.00000e+00    ---     0.00000e+00 0.00000e+00 1.02958e-01 1.02958e-01 1.02958e-01 0.00000e+00 2.80056e-01 1.00000e+00 7.90931e-01 7.90931e-01 2.67114e+00
7.11257e+14 7.36294e-01 7.72252e-01 1.12694e+01 0.00000e+00 8.26036e-01 0.00000e+00 0.00000e+00    ---     0.00000e+00 0.00000e+00 1.13027e-01 1.13027e-01 1.13027e-01 0.00000e+00 2.76688e-01 1.00000e+00 8.26036e-01 8.26036e-01 2.81327e+00
7.48307e+14 7.92855e-01 8.35456e-01 1.12386e+01 0.00000e+00 8.60704e-01 0.00000e+00 0.00000e+00    ---     0.00000e+00 0.00000e+00 1.23783e-01 1.23783e-01 1.23783e-01 0.00000e+00 2.73437e-01 1.00000e+00 8.60704e-01 8.60704e-01 2.96382e+00
7.87287e+14 8.51816e-01 9.02177e-01 1.12084e+01 0.00000e+00 8.95745e-01 0.00000e+00 0.00000e+00    ---     0.00000e+00 0.00000e+00 1.35372e-01 1.35372e-01 1.35372e-01 0.00000e+00 2.70087e-01 1.00000e+00 8.95745e-01 8.95745e-01 3.12322e+00
8.28297e+14 9.11454e-01 9.70342e-01 1.11804e+01 0.00000e+00 9.30063e-01 0.00000e+00 0.00000e+00    ---     0.00000e+00 0.00000e+00 1.47493e-01 1.47493e-01 1.47493e-01 0.00000e+00 2.66752e-01 1.00000e+00 9.30063e-01 9.30063e-01 3.28785e+00
8.71444e+14 9.71217e-01 1.03932e+00 1.11533e+01 0.00000e+00 9.63577e-01 0.00000e+00 0.00000e+00    ---     0.00000e+00 0.00000e+00 1.60084e-01 1.60084e-01 1.60084e-01 0.00000e+00 2.63421e-01 1.00000e+00 9.63577e-01 9.63577e-01 3.45699e+00
9.16838e+14 1.03012e+00 1.10785e+00 1.11268e+01 0.00000e+00 9.95893e-01 0.00000e+00 0.00000e+00    ---     0.00000e+00 0.00000e+00 1.72963e-01 1.72963e-01 1.72963e-01 0.00000e+00 2.60135e-01 1.00000e+00 9.95893e-01 9.95893e-01 3.62862e+00
9.64597e+14 1.08865e+00 1.17671e+00 1.10978e+01 0.00000e+00 1.02780e+00 0.00000e+00 0.00000e+00    ---     0.00000e+00 0.00000e+00 1.86316e-01 1.86316e-01 1.86316e-01 0.00000e+00 2.56779e-01 1.00000e+00 1.02780e+00 1.02780e+00 3.80486e+00
1.01484e+15 1.14625e+00 1.24528e+00 1.10649e+01 0.00000e+00 1.05935e+00 0.00000e+00 0.00000e+00    ---     0.00000e+00 0.00000e+00 2.00097e-01 2.00097e-01 2.00097e-01 0.00000e+00 2.53336e-01 1.00000e+00 1.05935e+00 1.05935e+00 3.98507e+00
1.06771e+15 1.20281e+00 1.31351e+00 1.10280e+01 0.00000e+00 1.09062e+00 0.00000e+00 0.00000e+00    ---     0.00000e+00 0.00000e+00 2.14306e-01 2.14306e-01 2.14306e-01 0.00000e+00 2.49814e-01 1.00000e+00 1.09062e+00 1.09062e+00 4.16979e+00
1.12333e+15 1.25826e+00 1.38144e+00 1.09862e+01 0.00000e+00 1.12186e+00 0.00000e+00 0.00000e+00    ---     -2.39704e+04 -2.39704e+04 2.29000e-01 2.29000e-01 2.29000e-01 0.00000e+00 2.46184e-01 1.00000e+00 2.20333e+00 -1.22290e-02 5.98412e+01
1.18184e+15 1.31205e+00 1.44837e+00 1.09396e+01 0.00000e+00 1.15296e+00 0.00000e+00 0.00000e+00    ---     -2.35832e+04 -2.35832e+04 2.44078e-01 2.44078e-01 2.44078e-01 0.00000e+00 2.42474e-01 1.00000e+00 2.18648e+00 -1.27870e-02 6.06321e+01
1.24340e+15 1.36313e+00 1.51271e+00 1.08886e+01 0.00000e+00 1.18349e+00 0.00000e+00 0.00000e+00    ---     -2.31952e+04 -2.31952e+04 2.59281e-01 2.59281e-01 2.59281e-01 0.00000e+00 2.38747e-01 1.00000e+00 2.17070e+00 -1.33521e-02 6.13121e+01
1.30817e+15 1.41112e+00 1.57377e+00 1.08335e+01 0.00000e+00 1.21336e+00 0.00000e+00 0.00000e+00    ---     -2.28099e+04 -2.28099e+04 2.74481e-01 2.74481e-01 2.74481e-01 0.00000e+00 2.35036e-01 1.00000e+00 2.15614e+00 -1.39207e-02 6.18833e+01
1.37632e+15 1.45589e+00 1.63123e+00 1.07746e+01 0.00000e+00 1.24259e+00 0.00000e+00 0.00000e+00    ---     2.12260e+00 2.12260e+00 2.89614e-01 2.89614e-01 2.89614e-01 0.00000e+00 2.31350e-01 1.00000e+00 1.22619e+00 1.18902e+00 5.04435e+00
1.44801e+15 1.49722e+00 1.68460e+00 1.07119e+01 0.00000e+00 1.27116e+00 0.00000e+00 0.00000e+00    ---     2.55005e+00 2.55005e+00 3.04576e-01 3.04576e-01 3.04576e-01 0.00000e+00 2.27710e-01 1.00000e+00 1.24712e+00 1.20806e+00 5.18743e+00
1.52344e+15 1.53844e+00 1.73845e+00 1.06519e+01 0.00000e+00 1.29901e+00 0.00000e+00 0.00000e+00    ---     2.96544e+00 2.96544e+00 3.19754e-01 3.19754e-01 3.19754e-01 0.00000e+00 2.24182e-01 1.00000e+00 1.26603e+00 1.22710e+00 5.32652e+00
1.60280e+15 1.57367e+00 1.78502e+00 1.05794e+01 0.00000e+00 1.32739e+00 0.00000e+00 0.00000e+00    ---     3.35109e+00 3.35109e+00 3.34708e-01 3.34708e-01 3.34708e-01 0.00000e+00 2.20513e-01 1.00000e+00 1.28454e+00 1.24750e+00 5.44904e+00
1.68629e+15 1.60460e+00 1.82643e+00 1.04989e+01 0.00000e+00 1.35616e+00 0.00000e+00 0.00000e+00    ---     3.71140e+00 3.71140e+00 3.49581e-01 3.49581e-01 3.49581e-01 0.00000e+00 2.16777e-01 1.00000e+00 1.30254e+00 1.26905e+00 5.55920e+00
1.77413e+15 1.63504e+00 1.86768e+00 1.04200e+01 0.00000e+00 1.38452e+00 0.00000e+00 0.00000e+00    ---     4.05963e+00 4.05963e+00 3.64613e-01 3.64613e-01 3.64613e-01 0.00000e+00 2.13137e-01 1.00000e+00 1.31910e+00 1.29071e+00 5.66457e+00
1.86654e+15 1.66285e+00 1.90583e+00 1.03376e+01 0.00000e+00 1.41299e+00 0.00000e+00 0.00000e+00    ---     4.38806e+00 4.38806e+00 3.79634e-01 3.79634e-01 3.79634e-01 0.00000e+00 2.09508e-01 1.00000e+00 1.33496e+00 1.31308e+00 5.76093e+00
1.96377e+15 1.68789e+00 1.94056e+00 1.02523e+01 0.00000e+00 1.44141e+00 0.00000e+00 0.00000e+00    ---     4.69507e+00 4.69507e+00 3.94521e-01 3.94521e-01 3.94521e-01 0.00000e+00 2.05919e-01 1.00000e+00 1.35011e+00 1.33596e+00 5.84763e+00
2.06607e+15 1.71014e+00 1.97171e+00 1.01645e+01 0.00000e+00 1.46970e+00 0.00000e+00 0.00000e+00    ---     4.97942e+00 4.97942e+00 4.09190e-01 4.09190e-01 4.09190e-01 0.00000e+00 2.02386e-01 1.00000e+00 1.36465e+00 1.35930e+00 5.92472e+00
2.17369e+15 1.72964e+00 1.99926e+00 1.00750e+01 0.00000e+00 1.49780e+00 0.00000e+00 0.00000e+00    ---     5.24186e+00 5.24186e+00 4.23572e-01 4.23572e-01 4.23572e-01 0.00000e+00 1.98925e-01 1.00000e+00 1.37864e+00 1.38293e+00 5.99221e+00
2.28692e+15 1.74651e+00 2.02329e+00 9.98403e+00 0.00000e+00 1.52568e+00 0.00000e+00 0.00000e+00    ---     5.48127e+00 5.48127e+00 4.37616e-01 4.37616e-01 4.37616e-01 0.00000e+00 1.95545e-01 1.00000e+00 1.39217e+00 1.40687e+00 6.05065e+00
2.40605e+15 1.76088e+00 2.04399e+00 9.89223e+00 0.00000e+00 1.55332e+00 0.00000e+00 0.00000e+00    ---     5.70055e+00 5.70055e+00 4.51289e-01 4.51289e-01 4.51289e-01 0.00000e+00 1.92253e-01 1.00000e+00 1.40529e+00 1.43094e+00 6.10037e+00
2.53138e+15 1.77264e+00 2.06091e+00 9.80011e+00 0.00000e+00 1.58049e+00 0.00000e+00 0.00000e+00    ---     5.89622e+00 5.89622e+00 4.64413e-01 4.64413e-01 4.64413e-01 0.00000e+00 1.89075e-01 1.00000e+00 1.41806e+00 1.45500e+00 6.14105e+00
2.66324e+15 1.78214e+00 2.07466e+00 9.70781e+00 0.00000e+00 1.60735e+00 0.00000e+00 0.00000e+00    ---     6.07190e+00 6.07190e+00 4.77068e-01 4.77068e-01 4.77068e-01 0.00000e+00 1.85997e-01 1.00000e+00 1.43058e+00 1.47911e+00 6.17397e+00
2.80197e+15 1.78950e+00 2.08535e+00 9.61559e+00 0.00000e+00 1.63386e+00 0.00000e+00 0.00000e+00    ---     6.22923e+00 6.22923e+00 4.89216e-01 4.89216e-01 4.89216e-01 0.00000e+00 1.83022e-01 1.00000e+00 1.44289e+00 1.50314e+00 6.19938e+00
2.94793e+15 1.79492e+00 2.09326e+00 9.52381e+00 0.00000e+00 1.66001e+00 0.00000e+00 0.00000e+00    ---     6.36881e+00 6.36881e+00 5.00847e-01 5.00847e-01 5.00847e-01 0.00000e+00 1.80150e-01 1.00000e+00 1.45503e+00 1.52709e+00 6.21804e+00
3.10149e+15 1.79851e+00 2.09848e+00 9.43263e+00 0.00000e+00 1.68578e+00 0.00000e+00 0.00000e+00    ---     6.49082e+00 6.49082e+00 5.11930e-01 5.11930e-01 5.11930e-01 0.00000e+00 1.77383e-01 1.00000e+00 1.46709e+00 1.55095e+00 6.23040e+00
3.26305e+15 1.80026e+00 2.10098e+00 9.34199e+00 0.00000e+00 1.71120e+00 0.00000e+00 0.00000e+00    ---     6.59695e+00 6.59695e+00 5.22439e-01 5.22439e-01 5.22439e-01 0.00000e+00 1.74717e-01 1.00000e+00 1.47911e+00 1.57464e+00 6.23660e+00
3.43303e+15 1.80058e+00 2.10130e+00 9.25258e+00 0.00000e+00 1.73618e+00 0.00000e+00 0.00000e+00    ---     6.68894e+00 6.68894e+00 5.32384e-01 5.32384e-01 5.32384e-01 0.00000e+00 1.72157e-01 1.00000e+00 1.49105e+00 1.59803e+00 6.23754e+00
3.61186e+15 1.79950e+00 2.09951e+00 9.16431e+00 0.00000e+00 1.76076e+00 0.00000e+00 0.00000e+00    ---     6.76745e+00 6.76745e+00 5.41765e-01 5.41765e-01 5.41765e-01 0.00000e+00 1.69697e-01 1.00000e+00 1.50297e+00 1.62118e+00 6.23362e+00
3.80000e+15 1.79682e+00 2.09525e+00 9.07698e+00 0.00000e+00 1.78491e+00 0.00000e+00 0.00000e+00    ---     6.83142e+00 6.83142e+00 5.50490e-01 5.50490e-01 5.50490e-01 0.00000e+00 1.67339e-01 1.00000e+00 1.51499e+00 1.64404e+00 6.22456e+00
