
-------------------------------------------------------------------------------
./eos/eosFPSfit,  MDIVxSDIV=65x129,  accuracy=1e-05
-------------------------------------------------------------------------------
   rho_c        M         M_0         R         Omega      Omega_p       T/W           C*J/GM_s^2      I        h_plus       h_minus       Z_p      Z_b        Z_f       omega_c/Omega   r_e     r_ratio     Omega_pa    Omega+    u_phi
-------------------------------------------------------------------------------
3.00000e+14 1.42094e-01 1.41840e-01 1.94339e+01 0.00000e+00 1.60239e-01 0.00000e+00 0.00000e+00    ---     0.00000e+00 0.00000e+00 1.09651e-02 1.09651e-02 1.09651e-02 0.00000e+00 5.23826e-01 1.00000e+00 1.60239e-01 1.60239e-01 1.39097e+00
3.15627e+14 1.56650e-01 1.56575e-01 1.74727e+01 0.00000e+00 1.97354e-01 0.00000e+00 0.00000e+00    ---     0.00000e+00 0.00000e+00 1.34956e-02 1.34956e-02 1.34956e-02 0.00000e+00 4.69793e-01 1.00000e+00 1.97354e-01 1.97354e-01 1.39009e+00
3.32069e+14 1.73069e-01 1.73237e-01 1.60296e+01 0.00000e+00 2.36073e-01 0.00000e+00 0.00000e+00    ---     0.00000e+00 0.00000e+00 1.63202e-02 1.63202e-02 1.63202e-02 0.00000e+00 4.29803e-01 1.00000e+00 2.36073e-01 2.36073e-01 1.40543e+00
3.49366e+14 1.91603e-01 1.92104e-01 1.49332e+01 0.00000e+00 2.76242e-01 0.00000e+00 0.00000e+00    ---     0.00000e+00 0.00000e+00 1.94848e-02 1.94848e-02 1.94848e-02 0.00000e+00 3.99175e-01 1.00000e+00 2.76242e-01 2.76242e-01 1.43410e+00
3.67565e+14 2.12343e-01 2.13285e-01 1.40931e+01 0.00000e+00 3.17197e-01 0.00000e+00 0.00000e+00    ---     0.00000e+00 0.00000e+00 2.29992e-02 2.29992e-02 2.29992e-02 0.00000e+00 3.75437e-01 1.00000e+00 3.17197e-01 3.17197e-01 1.47440e+00
3.86712e+14 2.35446e-01 2.36965e-01 1.34409e+01 0.00000e+00 3.58609e-01 0.00000e+00 0.00000e+00    ---     0.00000e+00 0.00000e+00 2.68910e-02 2.68910e-02 2.68910e-02 0.00000e+00 3.56724e-01 1.00000e+00 3.58609e-01 3.58609e-01 1.52508e+00
4.06856e+14 2.61048e-01 2.63312e-01 1.29305e+01 0.00000e+00 4.00180e-01 0.00000e+00 0.00000e+00    ---     0.00000e+00 0.00000e+00 3.11856e-02 3.11856e-02 3.11856e-02 0.00000e+00 3.41769e-01 1.00000e+00 4.00180e-01 4.00180e-01 1.58526e+00
4.28049e+14 2.89170e-01 2.92377e-01 1.25310e+01 0.00000e+00 4.41486e-01 0.00000e+00 0.00000e+00    ---     0.00000e+00 0.00000e+00 3.58894e-02 3.58894e-02 3.58894e-02 0.00000e+00 3.29730e-01 1.00000e+00 4.41486e-01 4.41486e-01 1.65414e+00
4.50347e+14 3.19915e-01 3.24299e-01 1.22184e+01 0.00000e+00 4.82299e-01 0.00000e+00 0.00000e+00    ---     0.00000e+00 0.00000e+00 4.10222e-02 4.10222e-02 4.10222e-02 0.00000e+00 3.19948e-01 1.00000e+00 4.82299e-01 4.82299e-01 1.73133e+00
4.73806e+14 3.53416e-01 3.59266e-01 1.19703e+01 0.00000e+00 5.22768e-01 0.00000e+00 0.00000e+00    ---     0.00000e+00 0.00000e+00 4.66289e-02 4.66289e-02 4.66289e-02 0.00000e+00 3.11807e-01 1.00000e+00 5.22768e-01 5.22768e-01 1.81641e+00
4.98487e+14 3.89927e-01 3.97608e-01 1.17729e+01 0.00000e+00 5.62970e-01 0.00000e+00 0.00000e+00    ---     0.00000e+00 0.00000e+00 5.27652e-02 5.27652e-02 5.27652e-02 0.00000e+00 3.04923e-01 1.00000e+00 5.62970e-01 5.62970e-01 1.90970e+00
5.24453e+14 4.28688e-01 4.38516e-01 1.16229e+01 0.00000e+00 6.01755e-01 0.00000e+00 0.00000e+00    ---     0.00000e+00 0.00000e+00 5.93023e-02 5.93023e-02 5.93023e-02 0.00000e+00 2.99230e-01 1.00000e+00 6.01755e-01 6.01755e-01 2.00927e+00
5.51773e+14 4.70735e-01 4.83231e-01 1.15010e+01 0.00000e+00 6.40626e-01 0.00000e+00 0.00000e+00    ---     0.00000e+00 0.00000e+00 6.64712e-02 6.64712e-02 6.64712e-02 0.00000e+00 2.94163e-01 1.00000e+00 6.40626e-01 6.40626e-01 2.11723e+00
5.80515e+14 5.15046e-01 5.30642e-01 1.14080e+01 0.00000e+00 6.78317e-01 0.00000e+00 0.00000e+00    ---     0.00000e+00 0.00000e+00 7.41008e-02 7.41008e-02 7.41008e-02 0.00000e+00 2.89780e-01 1.00000e+00 6.78317e-01 6.78317e-01 2.23124e+00
6.10755e+14 5.61747e-01 5.80954e-01 1.13370e+01 0.00000e+00 7.15061e-01 0.00000e+00 0.00000e+00    ---     0.00000e+00 0.00000e+00 8.22397e-02 8.22397e-02 8.22397e-02 0.00000e+00 2.85894e-01 1.00000e+00 7.15061e-01 7.15061e-01 2.35176e+00
6.42569e+14 6.11933e-01 6.35589e-01 1.12753e+01 0.00000e+00 7.52462e-01 0.00000e+00 0.00000e+00    ---     0.00000e+00 0.00000e+00 9.11807e-02 9.11807e-02 9.11807e-02 0.00000e+00 2.82102e-01 1.00000e+00 7.52462e-01 7.52462e-01 2.48133e+00
6.76041e+14 6.63283e-01 6.91826e-01 1.12304e+01 0.00000e+00 7.88096e-01 0.00000e+00 0.00000e+00    ---     0.00000e+00 0.00000e+00 1.00478e-01 1.00478e-01 1.00478e-01 0.00000e+00 2.78714e-01 1.00000e+00 7.88096e-01 7.88096e-01 2.61493e+00
7.11257e+14 7.16303e-01 7.50345e-01 1.11953e+01 0.00000e+00 8.22845e-01 0.00000e+00 0.00000e+00    ---     0.00000e+00 0.00000e+00 1.10284e-01 1.10284e-01 1.10284e-01 0.00000e+00 2.75512e-01 1.00000e+00 8.22845e-01 8.22845e-01 2.75409e+00
7.48307e+14 7.71179e-01 8.11482e-01 1.11653e+01 0.00000e+00 8.57227e-01 0.00000e+00 0.00000e+00    ---     0.00000e+00 0.00000e+00 1.20700e-01 1.20700e-01 1.20700e-01 0.00000e+00 2.72359e-01 1.00000e+00 8.57227e-01 8.57227e-01 2.89970e+00
7.87287e+14 8.29165e-01 8.77040e-01 1.11337e+01 0.00000e+00 8.92672e-01 0.00000e+00 0.00000e+00    ---     0.00000e+00 0.00000e+00 1.32095e-01 1.32095e-01 1.32095e-01 0.00000e+00 2.69012e-01 1.00000e+00 8.92672e-01 8.92672e-01 3.05565e+00
8.28297e+14 8.87347e-01 9.43372e-01 1.11057e+01 0.00000e+00 9.26962e-01 0.00000e+00 0.00000e+00    ---     0.00000e+00 0.00000e+00 1.43894e-01 1.43894e-01 1.43894e-01 0.00000e+00 2.65744e-01 1.00000e+00 9.26962e-01 9.26962e-01 3.21523e+00
8.71444e+14 9.44714e-01 1.00915e+00 1.10813e+01 0.00000e+00 9.59606e-01 0.00000e+00 0.00000e+00    ---     0.00000e+00 0.00000e+00 1.55899e-01 1.55899e-01 1.55899e-01 0.00000e+00 2.62601e-01 1.00000e+00 9.59606e-01 9.59606e-01 3.37631e+00
9.16838e+14 1.00275e+00 1.07648e+00 1.10548e+01 0.00000e+00 9.92198e-01 0.00000e+00 0.00000e+00    ---     0.00000e+00 0.00000e+00 1.68531e-01 1.68531e-01 1.68531e-01 0.00000e+00 2.59353e-01 1.00000e+00 9.92198e-01 9.92198e-01 3.54368e+00
9.64597e+14 1.06071e+00 1.14445e+00 1.10257e+01 0.00000e+00 1.02450e+00 0.00000e+00 0.00000e+00    ---     0.00000e+00 0.00000e+00 1.81684e-01 1.81684e-01 1.81684e-01 0.00000e+00 2.56025e-01 1.00000e+00 1.02450e+00 1.02450e+00 3.71611e+00
1.01484e+15 1.11780e+00 1.21207e+00 1.09940e+01 0.00000e+00 1.05625e+00 0.00000e+00 0.00000e+00    ---     0.00000e+00 0.00000e+00 1.95229e-01 1.95229e-01 1.95229e-01 0.00000e+00 2.52647e-01 1.00000e+00 1.05625e+00 1.05625e+00 3.89221e+00
1.06771e+15 1.17397e+00 1.27945e+00 1.09570e+01 0.00000e+00 1.08792e+00 0.00000e+00 0.00000e+00    ---     0.00000e+00 0.00000e+00 2.09241e-01 2.09241e-01 2.09241e-01 0.00000e+00 2.49148e-01 1.00000e+00 1.08792e+00 1.08792e+00 4.07262e+00
1.12333e+15 1.23118e+00 1.34945e+00 1.09159e+01 0.00000e+00 1.12046e+00 0.00000e+00 0.00000e+00    ---     0.00000e+00 0.00000e+00 2.24250e-01 2.24250e-01 2.24250e-01 0.00000e+00 2.45461e-01 1.00000e+00 1.12046e+00 1.12046e+00 4.26567e+00
1.18184e+15 1.28693e+00 1.41884e+00 1.08687e+01 0.00000e+00 1.15308e+00 0.00000e+00 0.00000e+00    ---     -2.35100e+04 -2.35100e+04 2.39762e-01 2.39762e-01 2.39762e-01 0.00000e+00 2.41646e-01 1.00000e+00 2.20825e+00 -1.27259e-02 5.99496e+01
1.24340e+15 1.33965e+00 1.48502e+00 1.08181e+01 0.00000e+00 1.18477e+00 0.00000e+00 0.00000e+00    ---     -2.31157e+04 -2.31157e+04 2.55315e-01 2.55315e-01 2.55315e-01 0.00000e+00 2.37861e-01 1.00000e+00 2.19163e+00 -1.33076e-02 6.06721e+01
1.30817e+15 1.38898e+00 1.54727e+00 1.07641e+01 0.00000e+00 1.21547e+00 0.00000e+00 0.00000e+00    ---     -2.27276e+04 -2.27276e+04 2.70781e-01 2.70781e-01 2.70781e-01 0.00000e+00 2.34127e-01 1.00000e+00 2.17627e+00 -1.38886e-02 6.12798e+01
1.37632e+15 1.43540e+00 1.60638e+00 1.07059e+01 0.00000e+00 1.24568e+00 0.00000e+00 0.00000e+00    ---     2.00909e+00 2.00909e+00 2.86306e-01 2.86306e-01 2.86306e-01 0.00000e+00 2.30397e-01 1.00000e+00 1.23069e+00 1.19396e+00 4.97327e+00
1.44801e+15 1.47909e+00 1.66262e+00 1.06435e+01 0.00000e+00 1.27561e+00 0.00000e+00 0.00000e+00    ---     2.45677e+00 2.45677e+00 3.01939e-01 3.01939e-01 3.01939e-01 0.00000e+00 2.26658e-01 1.00000e+00 1.25285e+00 1.21370e+00 5.12452e+00
1.52344e+15 1.52007e+00 1.71604e+00 1.05768e+01 0.00000e+00 1.30538e+00 0.00000e+00 0.00000e+00    ---     2.88526e+00 2.88526e+00 3.17682e-01 3.17682e-01 3.17682e-01 0.00000e+00 2.22910e-01 1.00000e+00 1.27349e+00 1.23413e+00 5.26638e+00
1.60280e+15 1.55828e+00 1.76654e+00 1.05060e+01 0.00000e+00 1.33506e+00 0.00000e+00 0.00000e+00    ---     3.29440e+00 3.29440e+00 3.33505e-01 3.33505e-01 3.33505e-01 0.00000e+00 2.19159e-01 1.00000e+00 1.29277e+00 1.25524e+00 5.39865e+00
1.68629e+15 1.59507e+00 1.81581e+00 1.04355e+01 0.00000e+00 1.36418e+00 0.00000e+00 0.00000e+00    ---     3.68454e+00 3.68454e+00 3.49391e-01 3.49391e-01 3.49391e-01 0.00000e+00 2.15496e-01 1.00000e+00 1.31036e+00 1.27660e+00 5.52377e+00
1.77413e+15 1.62805e+00 1.86070e+00 1.03586e+01 0.00000e+00 1.39352e+00 0.00000e+00 0.00000e+00    ---     4.05212e+00 4.05212e+00 3.65251e-01 3.65251e-01 3.65251e-01 0.00000e+00 2.11797e-01 1.00000e+00 1.32718e+00 1.29888e+00 5.63734e+00
1.86654e+15 1.65580e+00 1.89909e+00 1.02732e+01 0.00000e+00 1.42330e+00 0.00000e+00 0.00000e+00    ---     4.39051e+00 4.39051e+00 3.80889e-01 3.80889e-01 3.80889e-01 0.00000e+00 2.08041e-01 1.00000e+00 1.34372e+00 1.32233e+00 5.73653e+00
1.96377e+15 1.68213e+00 1.93574e+00 1.01902e+01 0.00000e+00 1.45214e+00 0.00000e+00 0.00000e+00    ---     4.70657e+00 4.70657e+00 3.96279e-01 3.96279e-01 3.96279e-01 0.00000e+00 2.04454e-01 1.00000e+00 1.35873e+00 1.34552e+00 5.82775e+00
2.06607e+15 1.70776e+00 1.97155e+00 1.01112e+01 0.00000e+00 1.47989e+00 0.00000e+00 0.00000e+00    ---     5.00305e+00 5.00305e+00 4.11426e-01 4.11426e-01 4.11426e-01 0.00000e+00 2.01055e-01 1.00000e+00 1.37220e+00 1.36827e+00 5.91259e+00
2.17369e+15 1.72553e+00 1.99673e+00 1.00189e+01 0.00000e+00 1.50860e+00 0.00000e+00 0.00000e+00    ---     5.26151e+00 5.26151e+00 4.25917e-01 4.25917e-01 4.25917e-01 0.00000e+00 1.97548e-01 1.00000e+00 1.38657e+00 1.39257e+00 5.97796e+00
2.28692e+15 1.74292e+00 2.02144e+00 9.93109e+00 0.00000e+00 1.53632e+00 0.00000e+00 0.00000e+00    ---     5.50249e+00 5.50249e+00 4.40126e-01 4.40126e-01 4.40126e-01 0.00000e+00 1.94229e-01 1.00000e+00 1.39968e+00 1.41640e+00 6.03823e+00
2.40605e+15 1.75772e+00 2.04264e+00 9.84238e+00 0.00000e+00 1.56371e+00 0.00000e+00 0.00000e+00    ---     5.72224e+00 5.72224e+00 4.53907e-01 4.53907e-01 4.53907e-01 0.00000e+00 1.91005e-01 1.00000e+00 1.41237e+00 1.44029e+00 6.08936e+00
2.53138e+15 1.77120e+00 2.06204e+00 9.75542e+00 0.00000e+00 1.59049e+00 0.00000e+00 0.00000e+00    ---     5.92341e+00 5.92341e+00 4.67320e-01 4.67320e-01 4.67320e-01 0.00000e+00 1.87911e-01 1.00000e+00 1.42438e+00 1.46402e+00 6.13421e+00
2.66324e+15 1.77995e+00 2.07476e+00 9.66318e+00 0.00000e+00 1.61748e+00 0.00000e+00 0.00000e+00    ---     6.09689e+00 6.09689e+00 4.80022e-01 4.80022e-01 4.80022e-01 0.00000e+00 1.84846e-01 1.00000e+00 1.43688e+00 1.48833e+00 6.16633e+00
2.80197e+15 1.78771e+00 2.08606e+00 9.57332e+00 0.00000e+00 1.64384e+00 0.00000e+00 0.00000e+00    ---     6.25542e+00 6.25542e+00 4.92306e-01 4.92306e-01 4.92306e-01 0.00000e+00 1.81916e-01 1.00000e+00 1.44883e+00 1.51228e+00 6.19310e+00
2.94793e+15 1.79343e+00 2.09441e+00 9.48365e+00 0.00000e+00 1.66985e+00 0.00000e+00 0.00000e+00    ---     6.39538e+00 6.39538e+00 5.04048e-01 5.04048e-01 5.04048e-01 0.00000e+00 1.79087e-01 1.00000e+00 1.46065e+00 1.53617e+00 6.21287e+00
3.10149e+15 1.79737e+00 2.10017e+00 9.39457e+00 0.00000e+00 1.69546e+00 0.00000e+00 0.00000e+00    ---     6.51832e+00 6.51832e+00 5.15245e-01 5.15245e-01 5.15245e-01 0.00000e+00 1.76362e-01 1.00000e+00 1.47237e+00 1.55994e+00 6.22638e+00
3.26305e+15 1.79943e+00 2.10312e+00 9.30585e+00 0.00000e+00 1.72073e+00 0.00000e+00 0.00000e+00    ---     6.62515e+00 6.62515e+00 5.25850e-01 5.25850e-01 5.25850e-01 0.00000e+00 1.73735e-01 1.00000e+00 1.48408e+00 1.58354e+00 6.23354e+00
3.43303e+15 1.79997e+00 2.10380e+00 9.21810e+00 0.00000e+00 1.74559e+00 0.00000e+00 0.00000e+00    ---     6.71759e+00 6.71759e+00 5.35880e-01 5.35880e-01 5.35880e-01 0.00000e+00 1.71210e-01 1.00000e+00 1.49575e+00 1.60688e+00 6.23527e+00
3.61186e+15 1.79887e+00 2.10198e+00 9.13107e+00 0.00000e+00 1.77006e+00 0.00000e+00 0.00000e+00    ---     6.79550e+00 6.79550e+00 5.45293e-01 5.45293e-01 5.45293e-01 0.00000e+00 1.68781e-01 1.00000e+00 1.50748e+00 1.62998e+00 6.23159e+00
3.80000e+15 1.79705e+00 2.09901e+00 9.04613e+00 0.00000e+00 1.79402e+00 0.00000e+00 0.00000e+00    ---     6.86180e+00 6.86180e+00 5.54198e-01 5.54198e-01 5.54198e-01 0.00000e+00 1.66459e-01 1.00000e+00 1.51907e+00 1.65273e+00 6.22449e+00
