
-------------------------------------------------------------------------------
./eos/eosSlyfit,  MDIVxSDIV=65x129,  accuracy=1e-05
-------------------------------------------------------------------------------
   rho_c        M         M_0         R         Omega      Omega_p       T/W           C*J/GM_s^2      I        h_plus       h_minus       Z_p      Z_b        Z_f       omega_c/Omega   r_e     r_ratio     Omega_pa    Omega+    u_phi
-------------------------------------------------------------------------------
3.00000e+14 2.02492e-01 2.03025e-01 1.62270e+01 0.00000e+00 2.50707e-01 0.00000e+00 0.00000e+00    ---     0.00000e+00 0.00000e+00 1.89351e-02 1.89351e-02 1.89351e-02 0.00000e+00 4.33991e-01 1.00000e+00 2.50707e-01 2.50707e-01 1.53556e+00
3.15627e+14 2.21754e-01 2.22682e-01 1.53603e+01 0.00000e+00 2.84877e-01 0.00000e+00 0.00000e+00    ---     0.00000e+00 0.00000e+00 2.20051e-02 2.20051e-02 2.20051e-02 0.00000e+00 4.09588e-01 1.00000e+00 2.84877e-01 2.84877e-01 1.57065e+00
3.32069e+14 2.43183e-01 2.44615e-01 1.46637e+01 0.00000e+00 3.19831e-01 0.00000e+00 0.00000e+00    ---     0.00000e+00 0.00000e+00 2.54035e-02 2.54035e-02 2.54035e-02 0.00000e+00 3.89733e-01 1.00000e+00 3.19831e-01 3.19831e-01 1.61528e+00
3.49366e+14 2.67180e-01 2.69268e-01 1.40967e+01 0.00000e+00 3.55670e-01 0.00000e+00 0.00000e+00    ---     0.00000e+00 0.00000e+00 2.91934e-02 2.91934e-02 2.91934e-02 0.00000e+00 3.73301e-01 1.00000e+00 3.55670e-01 3.55670e-01 1.66953e+00
3.67565e+14 2.93670e-01 2.96580e-01 1.36382e+01 0.00000e+00 3.91846e-01 0.00000e+00 0.00000e+00    ---     0.00000e+00 0.00000e+00 3.33675e-02 3.33675e-02 3.33675e-02 0.00000e+00 3.59723e-01 1.00000e+00 3.91846e-01 3.91846e-01 1.73246e+00
3.86712e+14 3.23288e-01 3.27265e-01 1.32606e+01 0.00000e+00 4.28814e-01 0.00000e+00 0.00000e+00    ---     0.00000e+00 0.00000e+00 3.80332e-02 3.80332e-02 3.80332e-02 0.00000e+00 3.48221e-01 1.00000e+00 4.28814e-01 4.28814e-01 1.80501e+00
4.06856e+14 3.55441e-01 3.60707e-01 1.29612e+01 0.00000e+00 4.65304e-01 0.00000e+00 0.00000e+00    ---     0.00000e+00 0.00000e+00 4.30929e-02 4.30929e-02 4.30929e-02 0.00000e+00 3.38739e-01 1.00000e+00 4.65304e-01 4.65304e-01 1.88544e+00
4.28049e+14 3.91287e-01 3.98223e-01 1.27119e+01 0.00000e+00 5.02634e-01 0.00000e+00 0.00000e+00    ---     0.00000e+00 0.00000e+00 4.87609e-02 4.87609e-02 4.87609e-02 0.00000e+00 3.30469e-01 1.00000e+00 5.02634e-01 5.02634e-01 1.97590e+00
4.50347e+14 4.29676e-01 4.38576e-01 1.25179e+01 0.00000e+00 5.39008e-01 0.00000e+00 0.00000e+00    ---     0.00000e+00 0.00000e+00 5.48446e-02 5.48446e-02 5.48446e-02 0.00000e+00 3.23595e-01 1.00000e+00 5.39008e-01 5.39008e-01 2.07361e+00
4.73806e+14 4.71927e-01 4.83306e-01 1.23576e+01 0.00000e+00 5.75912e-01 0.00000e+00 0.00000e+00    ---     0.00000e+00 0.00000e+00 6.16003e-02 6.16003e-02 6.16003e-02 0.00000e+00 3.17477e-01 1.00000e+00 5.75912e-01 5.75912e-01 2.18134e+00
4.98487e+14 5.17337e-01 5.31681e-01 1.22317e+01 0.00000e+00 6.12320e-01 0.00000e+00 0.00000e+00    ---     0.00000e+00 0.00000e+00 6.89223e-02 6.89223e-02 6.89223e-02 0.00000e+00 3.12157e-01 1.00000e+00 6.12320e-01 6.12320e-01 2.29747e+00
5.24453e+14 5.65832e-01 5.83683e-01 1.21334e+01 0.00000e+00 6.48173e-01 0.00000e+00 0.00000e+00    ---     0.00000e+00 0.00000e+00 7.68282e-02 7.68282e-02 7.68282e-02 0.00000e+00 3.07455e-01 1.00000e+00 6.48173e-01 6.48173e-01 2.42185e+00
5.51773e+14 6.18072e-01 6.40181e-01 1.20539e+01 0.00000e+00 6.84151e-01 0.00000e+00 0.00000e+00    ---     0.00000e+00 0.00000e+00 8.54822e-02 8.54822e-02 8.54822e-02 0.00000e+00 3.03099e-01 1.00000e+00 6.84151e-01 6.84151e-01 2.55619e+00
5.80515e+14 6.73711e-01 7.00883e-01 1.19905e+01 0.00000e+00 7.19951e-01 0.00000e+00 0.00000e+00    ---     0.00000e+00 0.00000e+00 9.48696e-02 9.48696e-02 9.48696e-02 0.00000e+00 2.99031e-01 1.00000e+00 7.19951e-01 7.19951e-01 2.69998e+00
6.10755e+14 7.31302e-01 7.64124e-01 1.19438e+01 0.00000e+00 7.54500e-01 0.00000e+00 0.00000e+00    ---     0.00000e+00 0.00000e+00 1.04765e-01 1.04765e-01 1.04765e-01 0.00000e+00 2.95325e-01 1.00000e+00 7.54500e-01 7.54500e-01 2.85017e+00
6.42569e+14 7.92436e-01 8.31988e-01 1.19044e+01 0.00000e+00 7.89302e-01 0.00000e+00 0.00000e+00    ---     0.00000e+00 0.00000e+00 1.15539e-01 1.15539e-01 1.15539e-01 0.00000e+00 2.91657e-01 1.00000e+00 7.89302e-01 7.89302e-01 3.01122e+00
6.76041e+14 8.56512e-01 9.03914e-01 1.18708e+01 0.00000e+00 8.24089e-01 0.00000e+00 0.00000e+00    ---     0.00000e+00 0.00000e+00 1.27160e-01 1.27160e-01 1.27160e-01 0.00000e+00 2.88003e-01 1.00000e+00 8.24089e-01 8.24089e-01 3.18248e+00
7.11257e+14 9.22094e-01 9.78207e-01 1.18427e+01 0.00000e+00 8.58098e-01 0.00000e+00 0.00000e+00    ---     0.00000e+00 0.00000e+00 1.39418e-01 1.39418e-01 1.39418e-01 0.00000e+00 2.84424e-01 1.00000e+00 8.58098e-01 8.58098e-01 3.36115e+00
7.48307e+14 9.89781e-01 1.05582e+00 1.18162e+01 0.00000e+00 8.92031e-01 0.00000e+00 0.00000e+00    ---     0.00000e+00 0.00000e+00 1.52523e-01 1.52523e-01 1.52523e-01 0.00000e+00 2.80778e-01 1.00000e+00 8.92031e-01 8.92031e-01 3.54994e+00
7.87287e+14 1.05855e+00 1.13557e+00 1.17904e+01 0.00000e+00 9.25530e-01 0.00000e+00 0.00000e+00    ---     0.00000e+00 0.00000e+00 1.66355e-01 1.66355e-01 1.66355e-01 0.00000e+00 2.77087e-01 1.00000e+00 9.25530e-01 9.25530e-01 3.74734e+00
8.28297e+14 1.12726e+00 1.21604e+00 1.17645e+01 0.00000e+00 9.58243e-01 0.00000e+00 0.00000e+00    ---     0.00000e+00 0.00000e+00 1.80751e-01 1.80751e-01 1.80751e-01 0.00000e+00 2.73378e-01 1.00000e+00 9.58243e-01 9.58243e-01 3.95139e+00
8.71444e+14 1.19642e+00 1.29809e+00 1.17358e+01 0.00000e+00 9.90822e-01 0.00000e+00 0.00000e+00    ---     0.00000e+00 0.00000e+00 1.95918e-01 1.95918e-01 1.95918e-01 0.00000e+00 2.69549e-01 1.00000e+00 9.90822e-01 9.90822e-01 4.16504e+00
9.16838e+14 1.26593e+00 1.38186e+00 1.17026e+01 0.00000e+00 1.02355e+00 0.00000e+00 0.00000e+00    ---     0.00000e+00 0.00000e+00 2.11953e-01 2.11953e-01 2.11953e-01 0.00000e+00 2.65555e-01 1.00000e+00 1.02355e+00 1.02355e+00 4.39001e+00
9.64597e+14 1.33469e+00 1.46597e+00 1.16648e+01 0.00000e+00 1.05611e+00 0.00000e+00 0.00000e+00    ---     -2.54568e+04 -2.54568e+04 2.28698e-01 2.28698e-01 2.28698e-01 0.00000e+00 2.61443e-01 1.00000e+00 2.07566e+00 -1.15083e-02 6.35131e+01
1.01484e+15 1.40193e+00 1.54939e+00 1.16222e+01 0.00000e+00 1.08836e+00 0.00000e+00 0.00000e+00    ---     -2.50159e+04 -2.50159e+04 2.46041e-01 2.46041e-01 2.46041e-01 0.00000e+00 2.57242e-01 1.00000e+00 2.05488e+00 -1.20975e-02 6.45532e+01
1.06771e+15 1.46682e+00 1.63095e+00 1.15747e+01 0.00000e+00 1.12014e+00 0.00000e+00 0.00000e+00    ---     -2.45706e+04 -2.45706e+04 2.63832e-01 2.63832e-01 2.63832e-01 0.00000e+00 2.52987e-01 1.00000e+00 2.03481e+00 -1.27013e-02 6.54666e+01
1.12333e+15 1.52879e+00 1.70979e+00 1.15220e+01 0.00000e+00 1.15141e+00 0.00000e+00 0.00000e+00    ---     2.01925e+00 2.01925e+00 2.81958e-01 2.81958e-01 2.81958e-01 0.00000e+00 2.48700e-01 1.00000e+00 1.13925e+00 1.10612e+00 5.29680e+00
1.18184e+15 1.58772e+00 1.78573e+00 1.14641e+01 0.00000e+00 1.18229e+00 0.00000e+00 0.00000e+00    ---     2.59796e+00 2.59796e+00 3.00406e-01 3.00406e-01 3.00406e-01 0.00000e+00 2.44384e-01 1.00000e+00 1.16192e+00 1.12568e+00 5.50086e+00
1.24340e+15 1.64353e+00 1.85874e+00 1.14007e+01 0.00000e+00 1.21293e+00 0.00000e+00 0.00000e+00    ---     3.15494e+00 3.15494e+00 3.19184e-01 3.19184e-01 3.19184e-01 0.00000e+00 2.40035e-01 1.00000e+00 1.18249e+00 1.14608e+00 5.69415e+00
1.30817e+15 1.69590e+00 1.92827e+00 1.13321e+01 0.00000e+00 1.24330e+00 0.00000e+00 0.00000e+00    ---     3.68705e+00 3.68705e+00 3.38190e-01 3.38190e-01 3.38190e-01 0.00000e+00 2.35679e-01 1.00000e+00 1.20112e+00 1.16726e+00 5.87547e+00
1.37632e+15 1.74447e+00 1.99366e+00 1.12586e+01 0.00000e+00 1.27334e+00 0.00000e+00 0.00000e+00    ---     4.19048e+00 4.19048e+00 3.57296e-01 3.57296e-01 3.57296e-01 0.00000e+00 2.31341e-01 1.00000e+00 1.21800e+00 1.18914e+00 6.04368e+00
1.44801e+15 1.79073e+00 2.05669e+00 1.11851e+01 0.00000e+00 1.30256e+00 0.00000e+00 0.00000e+00    ---     4.66601e+00 4.66601e+00 3.76425e-01 3.76425e-01 3.76425e-01 0.00000e+00 2.27130e-01 1.00000e+00 1.23286e+00 1.21121e+00 6.20109e+00
1.52344e+15 1.82985e+00 2.11091e+00 1.10989e+01 0.00000e+00 1.33236e+00 0.00000e+00 0.00000e+00    ---     5.10495e+00 5.10495e+00 3.95439e-01 3.95439e-01 3.95439e-01 0.00000e+00 2.22804e-01 1.00000e+00 1.24732e+00 1.23473e+00 6.33935e+00
1.60280e+15 1.86664e+00 2.16253e+00 1.10135e+01 0.00000e+00 1.36138e+00 0.00000e+00 0.00000e+00    ---     5.51598e+00 5.51598e+00 4.14331e-01 4.14331e-01 4.14331e-01 0.00000e+00 2.18631e-01 1.00000e+00 1.26017e+00 1.25830e+00 6.46677e+00
1.68629e+15 1.89935e+00 2.20891e+00 1.09250e+01 0.00000e+00 1.38995e+00 0.00000e+00 0.00000e+00    ---     5.89327e+00 5.89327e+00 4.32906e-01 4.32906e-01 4.32906e-01 0.00000e+00 2.14555e-01 1.00000e+00 1.27205e+00 1.28222e+00 6.58005e+00
1.77413e+15 1.92818e+00 2.25026e+00 1.08340e+01 0.00000e+00 1.41811e+00 0.00000e+00 0.00000e+00    ---     6.23938e+00 6.23938e+00 4.51127e-01 4.51127e-01 4.51127e-01 0.00000e+00 2.10580e-01 1.00000e+00 1.28313e+00 1.30641e+00 6.67983e+00
1.86654e+15 1.95328e+00 2.28669e+00 1.07410e+01 0.00000e+00 1.44588e+00 0.00000e+00 0.00000e+00    ---     6.55398e+00 6.55398e+00 4.68928e-01 4.68928e-01 4.68928e-01 0.00000e+00 2.06715e-01 1.00000e+00 1.29359e+00 1.33086e+00 6.76677e+00
1.96377e+15 1.97483e+00 2.31832e+00 1.06463e+01 0.00000e+00 1.47324e+00 0.00000e+00 0.00000e+00    ---     6.83912e+00 6.83912e+00 4.86244e-01 4.86244e-01 4.86244e-01 0.00000e+00 2.02967e-01 1.00000e+00 1.30354e+00 1.35544e+00 6.84138e+00
2.06607e+15 1.99310e+00 2.34544e+00 1.05507e+01 0.00000e+00 1.50018e+00 0.00000e+00 0.00000e+00    ---     7.09621e+00 7.09621e+00 5.03030e-01 5.03030e-01 5.03030e-01 0.00000e+00 1.99343e-01 1.00000e+00 1.31308e+00 1.38007e+00 6.90448e+00
2.17369e+15 2.00816e+00 2.36805e+00 1.04543e+01 0.00000e+00 1.52669e+00 0.00000e+00 0.00000e+00    ---     7.32507e+00 7.32507e+00 5.19213e-01 5.19213e-01 5.19213e-01 0.00000e+00 1.95846e-01 1.00000e+00 1.32236e+00 1.40474e+00 6.95664e+00
2.28692e+15 2.02017e+00 2.38628e+00 1.03575e+01 0.00000e+00 1.55277e+00 0.00000e+00 0.00000e+00    ---     7.52867e+00 7.52867e+00 5.34744e-01 5.34744e-01 5.34744e-01 0.00000e+00 1.92477e-01 1.00000e+00 1.33146e+00 1.42931e+00 6.99826e+00
2.40605e+15 2.02948e+00 2.40054e+00 1.02608e+01 0.00000e+00 1.57838e+00 0.00000e+00 0.00000e+00    ---     7.70782e+00 7.70782e+00 5.49588e-01 5.49588e-01 5.49588e-01 0.00000e+00 1.89244e-01 1.00000e+00 1.34042e+00 1.45372e+00 7.03046e+00
2.53138e+15 2.03623e+00 2.41096e+00 1.01645e+01 0.00000e+00 1.60351e+00 0.00000e+00 0.00000e+00    ---     7.86323e+00 7.86323e+00 5.63699e-01 5.63699e-01 5.63699e-01 0.00000e+00 1.86144e-01 1.00000e+00 1.34934e+00 1.47795e+00 7.05387e+00
2.66324e+15 2.04073e+00 2.41793e+00 1.00691e+01 0.00000e+00 1.62811e+00 0.00000e+00 0.00000e+00    ---     7.99797e+00 7.99797e+00 5.77059e-01 5.77059e-01 5.77059e-01 0.00000e+00 1.83182e-01 1.00000e+00 1.35821e+00 1.50186e+00 7.06928e+00
2.80197e+15 2.04277e+00 2.42109e+00 9.97420e+00 0.00000e+00 1.65226e+00 0.00000e+00 0.00000e+00    ---     8.11205e+00 8.11205e+00 5.89600e-01 5.89600e-01 5.89600e-01 0.00000e+00 1.80347e-01 1.00000e+00 1.36720e+00 1.52545e+00 7.07661e+00
2.94793e+15 2.04361e+00 2.42228e+00 9.88157e+00 0.00000e+00 1.67579e+00 0.00000e+00 0.00000e+00    ---     8.20995e+00 8.20995e+00 6.01451e-01 6.01451e-01 6.01451e-01 0.00000e+00 1.77652e-01 1.00000e+00 1.37607e+00 1.54857e+00 7.07858e+00
3.10149e+15 2.04164e+00 2.41907e+00 9.78872e+00 0.00000e+00 1.69894e+00 0.00000e+00 0.00000e+00    ---     8.28690e+00 8.28690e+00 6.12365e-01 6.12365e-01 6.12365e-01 0.00000e+00 1.75070e-01 1.00000e+00 1.38531e+00 1.57144e+00 7.07260e+00
3.26305e+15 2.03952e+00 2.41549e+00 9.69960e+00 0.00000e+00 1.72135e+00 0.00000e+00 0.00000e+00    ---     8.35335e+00 8.35335e+00 6.22690e-01 6.22690e-01 6.22690e-01 0.00000e+00 1.72631e-01 1.00000e+00 1.39426e+00 1.59365e+00 7.06382e+00
3.43303e+15 2.03424e+00 2.40691e+00 9.60947e+00 0.00000e+00 1.74350e+00 0.00000e+00 0.00000e+00    ---     8.40020e+00 8.40020e+00 6.31993e-01 6.31993e-01 6.31993e-01 0.00000e+00 1.70287e-01 1.00000e+00 1.40382e+00 1.61560e+00 7.04694e+00
3.61186e+15 2.02865e+00 2.39772e+00 9.52260e+00 0.00000e+00 1.76497e+00 0.00000e+00 0.00000e+00    ---     8.43743e+00 8.43743e+00 6.40656e-01 6.40656e-01 6.40656e-01 0.00000e+00 1.68071e-01 1.00000e+00 1.41324e+00 1.63688e+00 7.02744e+00
3.80000e+15 2.02196e+00 2.38668e+00 9.43763e+00 0.00000e+00 1.78589e+00 0.00000e+00 0.00000e+00    ---     8.46312e+00 8.46312e+00 6.48567e-01 6.48567e-01 6.48567e-01 0.00000e+00 1.65967e-01 1.00000e+00 1.42277e+00 1.65762e+00 7.00413e+00
