
-------------------------------------------------------------------------------
./eos/eosSly,  MDIVxSDIV=65x129,  accuracy=1e-05
-------------------------------------------------------------------------------
   rho_c        M         M_0         R         Omega      Omega_p       T/W           C*J/GM_s^2      I        h_plus       h_minus       Z_p      Z_b        Z_f       omega_c/Omega   r_e     r_ratio     Omega_pa    Omega+    u_phi
-------------------------------------------------------------------------------
3.00000e+14 1.97300e-01 1.97718e-01 1.63280e+01 0.00000e+00 2.45179e-01 0.00000e+00 0.00000e+00    ---     0.00000e+00 0.00000e+00 1.83189e-02 1.83189e-02 1.83189e-02 0.00000e+00 4.36954e-01 1.00000e+00 2.45179e-01 2.45179e-01 1.51905e+00
3.15627e+14 2.17914e-01 2.18741e-01 1.53589e+01 0.00000e+00 2.82438e-01 0.00000e+00 0.00000e+00    ---     0.00000e+00 0.00000e+00 2.16137e-02 2.16137e-02 2.16137e-02 0.00000e+00 4.09707e-01 1.00000e+00 2.82438e-01 2.82438e-01 1.55601e+00
3.32069e+14 2.41076e-01 2.42444e-01 1.46003e+01 0.00000e+00 3.20521e-01 0.00000e+00 0.00000e+00    ---     0.00000e+00 0.00000e+00 2.52887e-02 2.52887e-02 2.52887e-02 0.00000e+00 3.88090e-01 1.00000e+00 3.20521e-01 3.20521e-01 1.60451e+00
3.49366e+14 2.67023e-01 2.69100e-01 1.40017e+01 0.00000e+00 3.59189e-01 0.00000e+00 0.00000e+00    ---     0.00000e+00 0.00000e+00 2.93823e-02 2.93823e-02 2.93823e-02 0.00000e+00 3.70720e-01 1.00000e+00 3.59189e-01 3.59189e-01 1.66388e+00
3.67565e+14 2.95804e-01 2.98786e-01 1.35299e+01 0.00000e+00 3.97998e-01 0.00000e+00 0.00000e+00    ---     0.00000e+00 0.00000e+00 3.39055e-02 3.39055e-02 3.39055e-02 0.00000e+00 3.56686e-01 1.00000e+00 3.97998e-01 3.97998e-01 1.73324e+00
3.86712e+14 3.27766e-01 3.31913e-01 1.31558e+01 0.00000e+00 4.36944e-01 0.00000e+00 0.00000e+00    ---     0.00000e+00 0.00000e+00 3.89166e-02 3.89166e-02 3.89166e-02 0.00000e+00 3.45180e-01 1.00000e+00 4.36944e-01 4.36944e-01 1.81268e+00
4.06856e+14 3.62817e-01 3.68422e-01 1.28614e+01 0.00000e+00 4.75591e-01 0.00000e+00 0.00000e+00    ---     0.00000e+00 0.00000e+00 4.44123e-02 4.44123e-02 4.44123e-02 0.00000e+00 3.35715e-01 1.00000e+00 4.75591e-01 4.75591e-01 1.90133e+00
4.28049e+14 4.01358e-01 4.08799e-01 1.26283e+01 0.00000e+00 5.14124e-01 0.00000e+00 0.00000e+00    ---     0.00000e+00 0.00000e+00 5.04690e-02 5.04690e-02 5.04690e-02 0.00000e+00 3.27775e-01 1.00000e+00 5.14124e-01 5.14124e-01 1.99971e+00
4.50347e+14 4.42986e-01 4.52651e-01 1.24497e+01 0.00000e+00 5.51794e-01 0.00000e+00 0.00000e+00    ---     0.00000e+00 0.00000e+00 5.70283e-02 5.70283e-02 5.70283e-02 0.00000e+00 3.21187e-01 1.00000e+00 5.51794e-01 5.51794e-01 2.10667e+00
4.73806e+14 4.88255e-01 5.00673e-01 1.23075e+01 0.00000e+00 5.89376e-01 0.00000e+00 0.00000e+00    ---     0.00000e+00 0.00000e+00 6.42267e-02 6.42267e-02 6.42267e-02 0.00000e+00 3.15431e-01 1.00000e+00 5.89376e-01 5.89376e-01 2.22303e+00
4.98487e+14 5.36800e-01 5.52517e-01 1.22004e+01 0.00000e+00 6.26133e-01 0.00000e+00 0.00000e+00    ---     0.00000e+00 0.00000e+00 7.20057e-02 7.20057e-02 7.20057e-02 0.00000e+00 3.10493e-01 1.00000e+00 6.26133e-01 6.26133e-01 2.34821e+00
5.24453e+14 5.88921e-01 6.08632e-01 1.21163e+01 0.00000e+00 6.62669e-01 0.00000e+00 0.00000e+00    ---     0.00000e+00 0.00000e+00 8.04788e-02 8.04788e-02 8.04788e-02 0.00000e+00 3.06023e-01 1.00000e+00 6.62669e-01 6.62669e-01 2.48272e+00
5.51773e+14 6.43932e-01 6.68297e-01 1.20550e+01 0.00000e+00 6.98219e-01 0.00000e+00 0.00000e+00    ---     0.00000e+00 0.00000e+00 8.95437e-02 8.95437e-02 8.95437e-02 0.00000e+00 3.02045e-01 1.00000e+00 6.98219e-01 6.98219e-01 2.62537e+00
5.80515e+14 7.02164e-01 7.32029e-01 1.20074e+01 0.00000e+00 7.33446e-01 0.00000e+00 0.00000e+00    ---     0.00000e+00 0.00000e+00 9.93321e-02 9.93321e-02 9.93321e-02 0.00000e+00 2.98294e-01 1.00000e+00 7.33446e-01 7.33446e-01 2.77714e+00
6.10755e+14 7.63334e-01 7.99620e-01 1.19701e+01 0.00000e+00 7.68302e-01 0.00000e+00 0.00000e+00    ---     0.00000e+00 0.00000e+00 1.09855e-01 1.09855e-01 1.09855e-01 0.00000e+00 2.94688e-01 1.00000e+00 7.68302e-01 7.68302e-01 2.93790e+00
6.42569e+14 8.26413e-01 8.69898e-01 1.19439e+01 0.00000e+00 8.02052e-01 0.00000e+00 0.00000e+00    ---     0.00000e+00 0.00000e+00 1.20953e-01 1.20953e-01 1.20953e-01 0.00000e+00 2.91289e-01 1.00000e+00 8.02052e-01 8.02052e-01 3.10587e+00
6.76041e+14 8.92440e-01 9.44370e-01 1.19197e+01 0.00000e+00 8.36018e-01 0.00000e+00 0.00000e+00    ---     0.00000e+00 0.00000e+00 1.32946e-01 1.32946e-01 1.32946e-01 0.00000e+00 2.87804e-01 1.00000e+00 8.36018e-01 8.36018e-01 3.28438e+00
7.11257e+14 9.59895e-01 1.02123e+00 1.18992e+01 0.00000e+00 8.69289e-01 0.00000e+00 0.00000e+00    ---     0.00000e+00 0.00000e+00 1.45594e-01 1.45594e-01 1.45594e-01 0.00000e+00 2.84341e-01 1.00000e+00 8.69289e-01 8.69289e-01 3.47058e+00
7.48307e+14 1.02898e+00 1.10095e+00 1.18780e+01 0.00000e+00 9.02439e-01 0.00000e+00 0.00000e+00    ---     0.00000e+00 0.00000e+00 1.59048e-01 1.59048e-01 1.59048e-01 0.00000e+00 2.80772e-01 1.00000e+00 9.02439e-01 9.02439e-01 3.66616e+00
7.87287e+14 1.09774e+00 1.18097e+00 1.18584e+01 0.00000e+00 9.34408e-01 0.00000e+00 0.00000e+00    ---     0.00000e+00 0.00000e+00 1.72941e-01 1.72941e-01 1.72941e-01 0.00000e+00 2.77243e-01 1.00000e+00 9.34408e-01 9.34408e-01 3.86688e+00
8.28297e+14 1.16703e+00 1.26264e+00 1.18356e+01 0.00000e+00 9.66237e-01 0.00000e+00 0.00000e+00    ---     0.00000e+00 0.00000e+00 1.87574e-01 1.87574e-01 1.87574e-01 0.00000e+00 2.73581e-01 1.00000e+00 9.66237e-01 9.66237e-01 4.07648e+00
8.71444e+14 1.23652e+00 1.34572e+00 1.18085e+01 0.00000e+00 9.98010e-01 0.00000e+00 0.00000e+00    ---     0.00000e+00 0.00000e+00 2.02967e-01 2.02967e-01 2.02967e-01 0.00000e+00 2.69772e-01 1.00000e+00 9.98010e-01 9.98010e-01 4.29566e+00
9.16838e+14 1.30511e+00 1.42878e+00 1.17771e+01 0.00000e+00 1.02942e+00 0.00000e+00 0.00000e+00    ---     0.00000e+00 0.00000e+00 2.18952e-01 2.18952e-01 2.18952e-01 0.00000e+00 2.65861e-01 1.00000e+00 1.02942e+00 1.02942e+00 4.52265e+00
9.64597e+14 1.37243e+00 1.51146e+00 1.17406e+01 0.00000e+00 1.06057e+00 0.00000e+00 0.00000e+00    ---     -2.54827e+04 -2.54827e+04 2.35528e-01 2.35528e-01 2.35528e-01 0.00000e+00 2.61841e-01 1.00000e+00 2.05110e+00 -1.16482e-02 6.44478e+01
1.01484e+15 1.43824e+00 1.59352e+00 1.16983e+01 0.00000e+00 1.09162e+00 0.00000e+00 0.00000e+00    ---     -2.50485e+04 -2.50485e+04 2.52712e-01 2.52712e-01 2.52712e-01 0.00000e+00 2.57701e-01 1.00000e+00 2.03086e+00 -1.22253e-02 6.54363e+01
1.06771e+15 1.50462e+00 1.67765e+00 1.16573e+01 0.00000e+00 1.12214e+00 0.00000e+00 0.00000e+00    ---     -2.46168e+04 -2.46168e+04 2.70631e-01 2.70631e-01 2.70631e-01 0.00000e+00 2.53586e-01 1.00000e+00 2.00976e+00 -1.28193e-02 6.63553e+01
1.12333e+15 1.56272e+00 1.75218e+00 1.15958e+01 0.00000e+00 1.15305e+00 0.00000e+00 0.00000e+00    ---     2.24700e+00 2.24700e+00 2.88482e-01 2.88482e-01 2.88482e-01 0.00000e+00 2.49179e-01 1.00000e+00 1.13829e+00 1.10396e+00 5.41439e+00
1.18184e+15 1.61962e+00 1.82588e+00 1.15370e+01 0.00000e+00 1.18283e+00 0.00000e+00 0.00000e+00    ---     2.80876e+00 2.80876e+00 3.06586e-01 3.06586e-01 3.06586e-01 0.00000e+00 2.44924e-01 1.00000e+00 1.15949e+00 1.12316e+00 5.61143e+00
1.24340e+15 1.67564e+00 1.89939e+00 1.14795e+01 0.00000e+00 1.21180e+00 0.00000e+00 0.00000e+00    ---     3.35296e+00 3.35296e+00 3.25037e-01 3.25037e-01 3.25037e-01 0.00000e+00 2.40771e-01 1.00000e+00 1.17815e+00 1.14255e+00 5.80189e+00
1.30817e+15 1.72315e+00 1.96267e+00 1.14031e+01 0.00000e+00 1.24158e+00 0.00000e+00 0.00000e+00    ---     3.85738e+00 3.85738e+00 3.43380e-01 3.43380e-01 3.43380e-01 0.00000e+00 2.36370e-01 1.00000e+00 1.19631e+00 1.16385e+00 5.96996e+00
1.37632e+15 1.76955e+00 2.02530e+00 1.13284e+01 0.00000e+00 1.27064e+00 0.00000e+00 0.00000e+00    ---     4.34284e+00 4.34284e+00 3.61968e-01 3.61968e-01 3.61968e-01 0.00000e+00 2.32097e-01 1.00000e+00 1.21235e+00 1.18527e+00 6.13059e+00
1.44801e+15 1.81213e+00 2.08354e+00 1.12492e+01 0.00000e+00 1.29943e+00 0.00000e+00 0.00000e+00    ---     4.79827e+00 4.79827e+00 3.80544e-01 3.80544e-01 3.80544e-01 0.00000e+00 2.27859e-01 1.00000e+00 1.22703e+00 1.20734e+00 6.27808e+00
1.52344e+15 1.85086e+00 2.13721e+00 1.11660e+01 0.00000e+00 1.32792e+00 0.00000e+00 0.00000e+00    ---     5.22364e+00 5.22364e+00 3.99022e-01 3.99022e-01 3.99022e-01 0.00000e+00 2.23673e-01 1.00000e+00 1.24054e+00 1.22994e+00 6.41217e+00
1.60280e+15 1.88575e+00 2.18623e+00 1.10793e+01 0.00000e+00 1.35613e+00 0.00000e+00 0.00000e+00    ---     5.61933e+00 5.61933e+00 4.17331e-01 4.17331e-01 4.17331e-01 0.00000e+00 2.19554e-01 1.00000e+00 1.25303e+00 1.25300e+00 6.53295e+00
1.68629e+15 1.91683e+00 2.23047e+00 1.09896e+01 0.00000e+00 1.38404e+00 0.00000e+00 0.00000e+00    ---     5.98347e+00 5.98347e+00 4.35383e-01 4.35383e-01 4.35383e-01 0.00000e+00 2.15517e-01 1.00000e+00 1.26469e+00 1.27650e+00 6.64064e+00
1.77413e+15 1.94413e+00 2.26976e+00 1.08974e+01 0.00000e+00 1.41158e+00 0.00000e+00 0.00000e+00    ---     6.31765e+00 6.31765e+00 4.53073e-01 4.53073e-01 4.53073e-01 0.00000e+00 2.11579e-01 1.00000e+00 1.27565e+00 1.30024e+00 6.73514e+00
1.86654e+15 1.96783e+00 2.30423e+00 1.08031e+01 0.00000e+00 1.43877e+00 0.00000e+00 0.00000e+00    ---     6.62092e+00 6.62092e+00 4.70343e-01 4.70343e-01 4.70343e-01 0.00000e+00 2.07747e-01 1.00000e+00 1.28605e+00 1.32425e+00 6.81722e+00
1.96377e+15 1.98805e+00 2.33390e+00 1.07073e+01 0.00000e+00 1.46557e+00 0.00000e+00 0.00000e+00    ---     6.89545e+00 6.89545e+00 4.87114e-01 4.87114e-01 4.87114e-01 0.00000e+00 2.04032e-01 1.00000e+00 1.29602e+00 1.34836e+00 6.88719e+00
2.06607e+15 2.00503e+00 2.35903e+00 1.06105e+01 0.00000e+00 1.49198e+00 0.00000e+00 0.00000e+00    ---     7.14223e+00 7.14223e+00 5.03339e-01 5.03339e-01 5.03339e-01 0.00000e+00 2.00439e-01 1.00000e+00 1.30564e+00 1.37252e+00 6.94585e+00
2.17369e+15 2.01891e+00 2.37978e+00 1.05128e+01 0.00000e+00 1.51802e+00 0.00000e+00 0.00000e+00    ---     7.36203e+00 7.36203e+00 5.18992e-01 5.18992e-01 5.18992e-01 0.00000e+00 1.96965e-01 1.00000e+00 1.31505e+00 1.39677e+00 6.99398e+00
2.28692e+15 2.03001e+00 2.39654e+00 1.04149e+01 0.00000e+00 1.54367e+00 0.00000e+00 0.00000e+00    ---     7.55804e+00 7.55804e+00 5.34033e-01 5.34033e-01 5.34033e-01 0.00000e+00 1.93617e-01 1.00000e+00 1.32428e+00 1.42090e+00 7.03228e+00
2.40605e+15 2.03834e+00 2.40921e+00 1.03169e+01 0.00000e+00 1.56892e+00 0.00000e+00 0.00000e+00    ---     7.73010e+00 7.73010e+00 5.48399e-01 5.48399e-01 5.48399e-01 0.00000e+00 1.90395e-01 1.00000e+00 1.33344e+00 1.44494e+00 7.06117e+00
2.53138e+15 2.04436e+00 2.41842e+00 1.02195e+01 0.00000e+00 1.59371e+00 0.00000e+00 0.00000e+00    ---     7.87976e+00 7.87976e+00 5.62086e-01 5.62086e-01 5.62086e-01 0.00000e+00 1.87305e-01 1.00000e+00 1.34252e+00 1.46880e+00 7.08193e+00
2.66324e+15 2.04817e+00 2.42426e+00 1.01229e+01 0.00000e+00 1.61806e+00 0.00000e+00 0.00000e+00    ---     8.00950e+00 8.00950e+00 5.75068e-01 5.75068e-01 5.75068e-01 0.00000e+00 1.84342e-01 1.00000e+00 1.35161e+00 1.49241e+00 7.09494e+00
2.80197e+15 2.04952e+00 2.42628e+00 1.00266e+01 0.00000e+00 1.64199e+00 0.00000e+00 0.00000e+00    ---     8.11893e+00 8.11893e+00 5.87239e-01 5.87239e-01 5.87239e-01 0.00000e+00 1.81506e-01 1.00000e+00 1.36082e+00 1.51572e+00 7.09996e+00
2.94793e+15 2.04928e+00 2.42581e+00 9.93192e+00 0.00000e+00 1.66541e+00 0.00000e+00 0.00000e+00    ---     8.21180e+00 8.21180e+00 5.98707e-01 5.98707e-01 5.98707e-01 0.00000e+00 1.78797e-01 1.00000e+00 1.37002e+00 1.53866e+00 7.09908e+00
3.10149e+15 2.04737e+00 2.42267e+00 9.83863e+00 0.00000e+00 1.68835e+00 0.00000e+00 0.00000e+00    ---     8.28758e+00 8.28758e+00 6.09425e-01 6.09425e-01 6.09425e-01 0.00000e+00 1.76212e-01 1.00000e+00 1.37932e+00 1.56126e+00 7.09245e+00
3.26305e+15 2.04396e+00 2.41711e+00 9.74691e+00 0.00000e+00 1.71080e+00 0.00000e+00 0.00000e+00    ---     8.34866e+00 8.34866e+00 6.19392e-01 6.19392e-01 6.19392e-01 0.00000e+00 1.73747e-01 1.00000e+00 1.38871e+00 1.58342e+00 7.08060e+00
3.43303e+15 2.03916e+00 2.40926e+00 9.65685e+00 0.00000e+00 1.73274e+00 0.00000e+00 0.00000e+00    ---     8.39613e+00 8.39613e+00 6.28601e-01 6.28601e-01 6.28601e-01 0.00000e+00 1.71400e-01 1.00000e+00 1.39823e+00 1.60511e+00 7.06398e+00
3.61186e+15 2.03321e+00 2.39952e+00 9.56871e+00 0.00000e+00 1.75416e+00 0.00000e+00 0.00000e+00    ---     8.43142e+00 8.43142e+00 6.37077e-01 6.37077e-01 6.37077e-01 0.00000e+00 1.69167e-01 1.00000e+00 1.40783e+00 1.62629e+00 7.04324e+00
3.80000e+15 2.02626e+00 2.38806e+00 9.48256e+00 0.00000e+00 1.77505e+00 0.00000e+00 0.00000e+00    ---     8.45560e+00 8.45560e+00 6.44830e-01 6.44830e-01 6.44830e-01 0.00000e+00 1.67045e-01 1.00000e+00 1.41754e+00 1.64693e+00 7.01888e+00
